end_position:
  theta: 0.0
  x: -5.59
  y: -1.2399999999999993
initial_position:
  theta: 0.0
  x: -1.7399999999999993
  y: 0.2600000000000007
waypoints:
- x: -2.839999999999999
  y: -0.13999999999999968
- x: -4.039999999999999
  y: -0.5399999999999991
