initial_positions:
  joint_1: 2.35619
  joint_2: 2.00713
  joint_3: 2.35619
  joint_4: 2.35619
  joint_5: 0.0